# DMRG for 1D Hubbard model, U = 4, PBC
# Rows: number of sites; Columns: maximum bond dimension
0          0       40         120         200         280         360         440         520
 6 -0.6114510301 -0.611451   -0.611451
 8 -0.5754407875 -0.575254   -0.575441   -0.575441
10 -0.5834322627 -0.581412   -0.583400   -0.583432   -0.583432
12 -0.5766961302 -0.574134   -0.576561   -0.576685   -0.576694
14 -0.5777392216 -0.573848   -0.577478   -0.577700   -0.577731   -0.577736
16 -0.5759019357 -0.571777   -0.575558   -0.575826   -0.575880   -0.575896   -0.575899
18 -0.5759016660 -0.571037   -0.575374   -0.575787   -0.575858   -0.575887   -0.575783   -0.575897
20 -0.5752517330 -0.570072   -0.573259   -0.573553   -0.575042   -0.575143   -0.575008   -0.574809
